sample_P_pd = [[[3.78624  , 3.40535  , 4.052189 , 5.3258557, 5.954607 , 7.3160095,
 8.093006 , 7.5459466, 8.788782 , 7.94416  , 8.948656 , 8.674148 ,
 8.914071 ],
[3.7867486, 4.3197927, 3.0287132, 5.233505 , 6.396099 , 7.6010303,
 7.9273868, 7.773873 , 9.169522 , 7.6191335, 8.526618 , 8.224006 ,
 8.008362 ]], [[ 4.1535716,  2.8976254,  4.7909107,  5.3829517,  6.667851 ,
  7.784457 ,  7.984323 ,  9.167097 ,  9.641941 , 10.097349 ,
 10.474557 ,  9.384012 ,  9.823383 ],
[ 3.715007 ,  3.368052 ,  3.3925178,  5.2488914,  6.09813  ,
  7.5232425,  7.9837914,  8.61193  ,  8.987583 ,  9.808716 ,
 10.453876 ,  9.3164835,  9.5345   ]], [[4.685274 , 3.343181 , 5.103328 , 5.7465606, 6.003152 , 7.3521233,
 8.382947 , 7.656767 , 7.3701506, 9.161376 , 9.844745 , 9.390309 ,
 9.701765 ],
[3.659455 , 3.0415595, 3.332997 , 5.0192575, 5.8635364, 7.213662 ,
 7.907471 , 7.427822 , 7.5580244, 8.813771 , 9.802548 , 8.803326 ,
 8.724884 ]], [[3.905428 , 3.523171 , 3.339883 , 5.390909 , 5.807701 , 7.309529 ,
 7.769359 , 8.05739  , 9.331692 , 8.443779 , 9.659973 , 8.829893 ,
 9.289348 ],
[4.0318637, 3.1082153, 4.5098805, 5.4477468, 6.223439 , 7.4665504,
 7.3752823, 8.284162 , 9.669695 , 8.153544 , 9.298907 , 8.281104 ,
 8.263702 ]], [[ 4.185029 ,  3.2259214,  4.2817197,  5.553577 ,  6.232671 ,
  7.6944723,  8.275577 ,  8.220723 ,  8.524033 ,  9.559421 ,
 10.514618 ,  9.353112 ,  9.315456 ],
[ 3.482812 ,  2.9623911,  4.0765796,  4.9179096,  5.3444633,
  6.7941484,  7.109496 ,  7.7900534,  8.330659 ,  8.946432 ,
  9.748292 ,  8.393265 ,  8.509643 ]], [[3.7065291, 2.947313 , 4.4090967, 5.070412 , 5.5747433, 5.474134 ,
 5.891778 , 6.689056 , 6.631232 , 7.247432 , 6.8177524, 7.100677 ,
 8.209066 ],
[3.7607527, 3.8649158, 3.39472  , 5.3182793, 6.348102 , 6.8227425,
 7.079249 , 8.253742 , 8.472622 , 8.970039 , 8.905521 , 8.465765 ,
 9.227044 ]], [[3.6882424, 2.893651 , 4.456386 , 5.028886 , 5.5201664, 5.4643483,
 5.86232  , 6.708447 , 6.6749225, 7.27124  , 6.9405622, 7.0465097,
 8.1727495],
[3.7651603, 3.8534172, 3.469078 , 5.3271127, 6.373992 , 6.86595  ,
 7.0435615, 8.324952 , 8.607557 , 9.005023 , 9.030508 , 8.409281 ,
 9.187367 ]], [[3.9899147, 3.0057797, 4.840334 , 5.2183695, 5.333084 , 6.816274 ,
 7.511798 , 7.684006 , 8.782822 , 8.383017 , 9.679663 , 8.618159 ,
 9.097737 ],
[3.404354 , 3.1609674, 3.3071024, 4.988941 , 5.79947  , 7.2295513,
 7.488972 , 8.035173 , 9.353712 , 8.230714 , 9.496771 , 8.385975 ,
 8.4222765]], [[ 4.437089 ,  3.414477 ,  4.446929 ,  5.621585 ,  6.2548685,
  7.5753384,  8.391929 ,  7.7257814,  7.7745967,  9.165368 ,
 10.153152 ,  9.329515 ,  9.482835 ],
[ 3.8613217,  3.6394114,  3.4443364,  5.419364 ,  6.387284 ,
  7.75815  ,  8.114219 ,  8.194563 ,  8.716166 ,  9.427032 ,
 10.571832 ,  9.1338415,  8.993559 ]], [[3.6549706, 2.7539585, 4.4767475, 4.9411974, 5.374895 , 5.3820276,
 5.827566 , 6.6345553, 6.5920224, 7.2243533, 6.831327 , 7.0306067,
 8.129267 ],
[3.6761382, 3.6815262, 3.4798331, 5.241214 , 6.216542 , 6.773524 ,
 7.002809 , 8.220429 , 8.489077 , 8.935295 , 8.896908 , 8.378057 ,
 9.125189 ]]]

rmsd_P_pd = [3.6904058, 2.8675237, 1.9132248, 2.8648276, 3.5696735, 3.5643868, 1.7956764, 2.8005176, 3.6716223, 2.834136, 3.005413, 2.2329626, 4.9558783, 4.8847513, 2.9158459, 1.8786193, 5.071319, 2.9901602, 1.7573895, 3.9734309, 3.9916787, 2.2948017, 1.5174729, 4.026258, 2.1927276, 3.9892428, 3.9044228, 1.7486973, 2.5774617, 4.0198507, 4.2716036, 4.2296214, 2.0411074, 1.8190725, 4.2370076, 0.20792818, 3.3641317, 4.178471, 0.33886415, 3.2920341, 4.120659, 0.32897156, 2.34043, 3.3472002, 4.3133607]

median_P_pd = 3.005413

sample_R_pd = [[[8.839326 , 9.044725 , 9.779221 , 7.353669 , 6.347131 , 5.2472005,
 6.027206 , 4.836788 , 3.995206 , 4.666251 , 3.4892666, 5.7850885,
 7.0954328],
[6.958758 , 7.059059 , 8.130156 , 5.6688404, 4.3960547, 3.640572 ,
 4.604952 , 3.985206 , 3.4103866, 4.3445153, 3.4788432, 5.0008144,
 6.427269 ]], [[8.410646 , 8.668933 , 9.427531 , 6.9453354, 5.871285 , 5.045933 ,
 6.1435056, 4.618834 , 3.40479  , 4.923041 , 4.076455 , 6.0714025,
 7.437146 ],
[6.6977262, 7.2779646, 7.6872277, 5.3300037, 4.1068273, 3.0332053,
 3.8275447, 3.317224 , 2.939471 , 3.4070635, 2.5820901, 3.9524267,
 5.423211 ]], [[8.579273 , 8.720594 , 9.712322 , 7.2165556, 6.0021343, 4.8325405,
 5.1995263, 5.0377035, 4.7792335, 4.674466 , 3.4464514, 5.052704 ,
 6.4551554],
[6.5434804, 6.5945196, 7.8580356, 5.4912014, 4.1084995, 3.5000222,
 4.0072737, 4.4863663, 4.527942 , 4.762247 , 4.2425213, 4.6586084,
 6.0533595]], [[ 9.217466 , 10.061518 ,  9.832756 ,  7.8005605,  7.2809753,
  5.8504386,  5.9620104,  5.572634 ,  5.310482 ,  4.7927203,
  3.3879766,  5.4816723,  6.788531 ],
[ 8.204886 ,  8.988188 ,  8.647953 ,  6.655189 ,  5.946056 ,
  4.7562943,  5.4995537,  4.1397076,  3.2597308,  4.0395703,
  2.984852 ,  5.2433667,  6.5231633]], [[7.8603706, 7.186959 , 9.215339 , 7.100717 , 6.2172537, 5.1233497,
 5.860314 , 4.894457 , 4.1695743, 4.731883 , 3.48926  , 5.6580524,
 7.039541 ],
[5.413262 , 4.5233293, 6.75752  , 4.991553 , 4.2100964, 3.6670399,
 4.7724156, 4.0419264, 3.3716302, 4.640809 , 3.9760332, 5.2538815,
 6.6759043]], [[7.6593075, 8.328718 , 8.368395 , 6.119268 , 5.8595057, 4.695503 ,
 5.215268 , 4.7876625, 4.367945 , 4.531123 , 3.2476153, 5.189771 ,
 6.6331716],
[5.530996 , 6.400479 , 6.301645 , 4.198151 , 4.425548 , 3.4633124,
 3.548479 , 4.37951  , 4.656641 , 4.254966 , 3.50437  , 4.0673475,
 5.4720364]], [[7.6521583, 7.700977 , 8.263938 , 6.240248 , 5.325981 , 4.303155 ,
 5.234763 , 3.8895428, 2.9963837, 4.0020204, 3.0858998, 5.1994634,
 6.4452972],
[5.802506 , 5.466155 , 6.666771 , 4.6696587, 4.0383997, 3.7127624,
 4.9539876, 4.072419 , 3.328419 , 4.8848786, 4.384942 , 5.6169586,
 6.8071294]], [[8.162555 , 8.673509 , 9.2711735, 7.258053 , 6.289834 , 4.9377055,
 4.6754045, 5.21458  , 5.503213 , 4.3468533, 3.1421964, 4.3964796,
 5.743449 ],
[6.2161407, 6.4224644, 7.528346 , 5.534969 , 4.4246063, 3.4837031,
 3.3204954, 4.487028 , 4.9684153, 4.2738895, 3.632732 , 3.8942213,
 5.2590203]], [[8.340706 , 8.623514 , 9.404141 , 6.9459925, 5.7639766, 4.585503 ,
 4.583933 , 5.1073036, 5.262498 , 4.5797915, 3.4440675, 4.6062875,
 6.0159574],
[7.7260847, 7.731151 , 8.728508 , 6.314593 , 5.190115 , 4.0339003,
 4.7386665, 3.914511 , 3.370532 , 3.7857323, 2.604306 , 4.660782 ,
 6.0583744]], [[ 8.92035  ,  9.002271 , 10.079175 ,  7.583495 ,  6.36212  ,
  5.181806 ,  5.4870877,  5.3340826,  5.1733813,  4.7181444,
  3.3833418,  5.1121364,  6.38157  ],
[ 7.811425 ,  8.253715 ,  8.911349 ,  6.510614 ,  5.533937 ,
  4.2502036,  3.8230116,  4.7358165,  5.32282  ,  3.8158793,
  3.0368686,  3.375881 ,  4.4229536]]]

rmsd_R_pd = [1.9082906, 1.7641194, 2.818832, 2.8173568, 3.1375751, 3.2665646, 2.9566293, 2.3940027, 2.9423876, 2.7850158, 4.0331173, 3.1952724, 2.9783378, 3.6551156, 3.3785872, 3.0676289, 3.5435364, 3.6413562, 2.6779177, 2.3694818, 3.0561266, 1.6223826, 2.2750726, 2.5441725, 5.0746818, 5.082845, 5.5959854, 4.243242, 2.72453, 2.9331887, 2.6899645, 1.9968919, 3.3992295, 3.9414358, 4.6887126, 2.621763, 2.2221708, 3.4395795, 3.992623, 3.7954526, 4.0961537, 5.3515954, 2.3657503, 2.6939452, 2.5230756]

median_R_pd = 2.9783378

sample_A3_pd = [[[4.146266 , 3.318252 , 3.6856778, 3.8536768, 3.606792 , 4.892442 ,
 5.5798554, 5.5973997, 4.664469 ],
[3.630702 , 3.5151186, 3.2888818, 3.7979484, 4.4656353, 4.2369013,
 4.2154703, 3.8779786, 3.3372705]], [[4.163309 , 3.4488988, 3.9536748, 4.252912 , 4.054182 , 5.3041005,
 5.9259977, 5.8541117, 4.873023 ],
[3.720997 , 3.5674212, 3.3934755, 3.8795097, 4.4824967, 4.3565493,
 4.387103 , 4.0833263, 3.5138674]], [[3.4162574, 2.9648619, 4.19365  , 4.962936 , 4.8267093, 6.26314  ,
 6.7868423, 6.4054003, 5.0892982],
[2.9030433, 3.0389585, 3.7910852, 4.757445 , 5.178553 , 5.703943 ,
 5.819765 , 5.212526 , 4.1142416]], [[3.3750412, 3.3034184, 4.2127357, 5.088736 , 5.2864404, 6.1413803,
 6.401033 , 5.892689 , 4.7527504],
[3.1406734, 4.0069795, 4.9096007, 6.1938343, 6.8373566, 7.038653 ,
 6.8219624, 5.851144 , 4.781799 ]], [[3.5134993, 2.9917362, 4.2449985, 4.994444 , 4.7955327, 6.2951083,
 6.850529 , 6.501127 , 5.1920323],
[3.143828 , 3.5476277, 4.6416335, 5.778204 , 6.1396794, 6.8044167,
 6.881252 , 6.1347923, 4.927351 ]], [[4.10049  , 3.2411354, 3.6997857, 3.875265 , 3.5427907, 4.969041 ,
 5.702138 , 5.7140493, 4.735181 ],
[3.229356 , 3.1610982, 3.3332312, 4.036971 , 4.5704513, 4.718778 ,
 4.796603 , 4.3559566, 3.547545 ]], [[3.6655931, 3.4145565, 3.9590461, 4.6082454, 4.8152785, 5.5283012,
 5.822159 , 5.466034 , 4.493123 ],
[3.1087458, 3.4184396, 4.6433253, 5.7579293, 6.0218673, 6.8808837,
 7.038298 , 6.3307605, 5.064173 ]], [[3.75831  , 3.1929593, 4.0525575, 4.6217637, 4.479969 , 5.785487 ,
 6.3293004, 6.084681 , 4.945718 ],
[2.9670594, 3.0995529, 3.3808868, 4.247329 , 4.8592563, 4.9465823,
 4.9177547, 4.343617 , 3.4765313]], [[4.7044253, 3.665274 , 3.9252496, 3.7758105, 3.168111 , 4.823449 ,
 5.726229 , 5.9438615, 5.0706954],
[3.9221554, 3.4057868, 3.0734122, 3.1969917, 3.592084 , 3.7186682,
 4.0523567, 4.055711 , 3.5174582]], [[3.762132 , 3.3677773, 3.5064855, 3.933177 , 4.206097 , 4.6943054,
 5.0156355, 4.8113723, 4.020838 ],
[3.8017592, 4.2191567, 4.0125318, 4.790371 , 5.7158427, 5.0204754,
 4.5604534, 3.8313317, 3.4897506]]]

rmsd_A3_pd = [0.65125155, 2.9417243, 4.3359003, 4.1764984, 0.6617865, 3.6880467, 1.6558298, 1.1375057, 1.7393622, 2.3975384, 3.7935667, 3.6031392, 0.8753241, 3.2515876, 1.1663681, 1.3441328, 1.8981442, 2.1054683, 1.4086075, 2.3657756, 2.2706637, 1.3751292, 3.5268145, 3.0066018, 1.0625699, 3.903101, 1.2705696, 2.9522552, 5.060612, 3.694575, 3.6612234, 1.1268578, 2.6803813, 4.7354217, 3.902545, 3.2356799, 1.1164122, 1.4722892, 1.8142295, 2.7612405, 4.428191, 3.1564035, 2.346342, 2.2233877, 2.7645583]

median_A3_pd = 2.3975384

sample_A5_pd = [[[4.057402 , 3.3550825, 2.4884613, 2.11604  , 2.6584487, 2.3882987,
 2.8987598, 3.274414 , 2.9944994],
[2.705158 , 3.058734 , 3.0182858, 3.9661567, 4.847661 , 4.450878 ,
 4.1599717, 3.420396 , 2.7045016]], [[2.7143586, 3.111719 , 3.1615129, 4.1296663, 4.980154 , 4.644852 ,
 4.3648634, 3.6090918, 2.8692648],
[5.1347036, 5.244531 , 4.541202 , 4.8232517, 5.7756405, 4.5632787,
 4.018972 , 3.7187943, 3.973825 ]]]

rmsd_A5_pd = [4.2073097]

median_A5_pd = 4.2073097

sample_AH_pd = [[[4.124737 , 3.0041564, 3.771952 , 3.903557 , 3.1944919, 5.2284827,
 6.138144 , 6.1960087, 5.0857487],
[5.6892343, 4.498838 , 4.536056 , 3.9747128, 2.9797933, 4.901755 ,
 6.0180855, 6.4993267, 5.789653 ]], [[3.8106759, 3.1321125, 4.3325233, 4.9286613, 4.5458794, 6.287119 ,
 6.958696 , 6.708826 , 5.4200864],
[4.8937583, 3.6597836, 4.032682 , 3.73752  , 2.7041774, 4.9583673,
 6.04766  , 6.3567696, 5.4106817]], [[3.8375335, 2.9238696, 3.925135 , 4.337901 , 3.8576083, 5.667041 ,
 6.435004 , 6.315859 , 5.103254 ],
[4.929888 , 3.6632667, 3.876644 , 3.4652927, 2.397968 , 4.614634 ,
 5.7363677, 6.1125603, 5.22769  ]], [[3.5987406, 2.9548113, 4.1721773, 4.8324895, 4.5495496, 6.165608 ,
 6.7815685, 6.4969125, 5.2094955],
[5.294914 , 4.071346 , 4.462623 , 4.157655 , 3.1192563, 5.3418236,
 6.436622 , 6.765387 , 5.8226886]], [[4.316394 , 3.1722682, 3.8036313, 3.837087 , 3.0939207, 5.127353 ,
 6.0671353, 6.1876802, 5.115148 ],
[5.4947424, 4.36212  , 4.1423073, 3.4864624, 2.7355027, 4.2367177,
 5.291859 , 5.8406734, 5.2618446]], [[3.995022 , 3.2713346, 4.171487 , 4.633422 , 4.313699 , 5.865794 ,
 6.527818 , 6.3623834, 5.1994166],
[4.993548 , 3.819972 , 4.420378 , 4.3118443, 3.371948 , 5.581514 ,
 6.611796 , 6.819681 , 5.7739177]], [[5.150471 , 4.01184  , 4.5226893, 4.3735905, 3.4670355, 5.5733466,
 6.5861025, 6.821467 , 5.8183293],
[3.867763 , 2.9300113, 3.8862915, 4.266278 , 3.7665808, 5.5879946,
 6.358174 , 6.2700915, 5.065013 ]], [[3.649075 , 3.0413675, 3.9808793, 4.567951 , 4.384225 , 5.7752914,
 6.348987 , 6.1022944, 4.9138703],
[4.829127 , 3.6243846, 4.09275  , 3.9109974, 2.965297 , 5.1419044,
 6.180233 , 6.4346094, 5.434859 ]], [[4.002232 , 3.3492184, 4.210589 , 4.6969666, 4.4303174, 5.8892217,
 6.51285  , 6.3158593, 5.1773796],
[4.8040323, 3.5744562, 3.7960732, 3.4347074, 2.460178 , 4.57762  ,
 5.658068 , 6.001955 , 5.1209593]], [[3.9019268, 3.3862739, 4.4605684, 5.1113634, 4.9008   , 6.360968 ,
 6.929204 , 6.621509 , 5.3912697],
[4.121138 , 2.9628894, 3.659097 , 3.7523358, 3.0305624, 5.077501 ,
 6.0085793, 6.093617 , 4.984752 ]]]

rmsd_AH_pd = [1.8574119, 1.3654649, 1.5224558, 0.895731, 1.5431046, 2.4418385, 1.4848309, 1.8366246, 2.6168127, 1.0517131, 0.86052525, 2.0191994, 1.143327, 2.0596848, 0.8301531, 0.8559453, 0.8881618, 1.4878175, 1.222357, 1.4339161, 2.2063694, 0.8954356, 0.57786804, 1.590412, 2.2364295, 0.65247905, 2.330779, 0.92708373, 1.384802, 1.5084966, 2.1624084, 2.5138226, 1.7963866, 1.582245, 2.603062, 1.8499862, 0.85336804, 1.2137733, 1.5786896, 2.0122983, 2.105805, 1.7536201, 0.9359468, 1.3477023, 1.1495626]

median_AH_pd = 1.5084966

sample_AS_pd = [[[5.725621 , 6.1501045, 5.1442895, 5.4854636, 6.79337  , 4.7106676,
 3.3741796, 2.7335382, 3.8826437],
[6.9332547, 6.9438505, 5.703846 , 5.479998 , 6.5703244, 4.366419 ,
 3.3486142, 3.6131747, 4.854969 ]], [[6.071467 , 6.4471755, 5.389874 , 5.6104584, 6.8889356, 4.742763 ,
 3.423012 , 2.9684863, 4.182437 ],
[6.9812965, 6.874734 , 5.611573 , 5.2225995, 6.201887 , 4.0847087,
 3.269474 , 3.7695158, 4.927486 ]], [[6.1174397, 6.397658 , 5.3021765, 5.4416804, 6.6798606, 4.55322  ,
 3.3083704, 2.9947133, 4.1860337],
[6.906262 , 6.6786857, 5.4389095, 4.958151 , 5.823274 , 3.897435 ,
 3.33077  , 3.9405248, 4.940002 ]], [[6.1613836, 6.415962 , 5.3111515, 5.428214 , 6.6599917, 4.536318 ,
 3.3094995, 3.0361257, 4.2250524],
[6.6787295, 6.412659 , 5.207036 , 4.722456 , 5.5655003, 3.7336142,
 3.2576797, 3.87108  , 4.7840157]], [[5.6944776, 5.8158717, 4.8063154, 4.903891 , 6.008232 , 4.2366033,
 3.3343434, 3.1624982, 3.9699183],
[7.3700557, 7.225967 , 5.915869 , 5.469264 , 6.4602947, 4.2587047,
 3.4544   , 4.044614 , 5.235785 ]], [[5.837981 , 6.4863896, 5.6745934, 6.228876 , 7.546042 , 5.626425 ,
 4.319686 , 3.4457147, 4.3386917],
[6.702624 , 6.8242035, 5.593833 , 5.477582 , 6.64153  , 4.3773746,
 3.1888912, 3.283596 , 4.612095 ]], [[6.395806 , 6.6721325, 5.53737  , 5.6166267, 6.862766 , 4.6370873,
 3.3458192, 3.1164644, 4.402928 ],
[7.2835684, 7.0994096, 5.7810063, 5.25964  , 6.1887107, 4.020843 ,
 3.2818668, 3.9634717, 5.1593823]], [[6.294342 , 6.696524 , 5.661359 , 5.900941 , 7.1773157, 5.042948 ,
 3.7354286, 3.2663164, 4.443662 ],
[6.270966 , 6.342382 , 5.261859 , 5.204862 , 6.26652  , 4.3735795,
 3.4836953, 3.513779 , 4.457517 ]], [[6.482118 , 6.689199 , 5.5234995, 5.5365286, 6.750776 , 4.5373683,
 3.3106053, 3.1943133, 4.46422  ],
[7.119764 , 6.840271 , 5.5650434, 4.98667  , 5.81616  , 3.8537803,
 3.3456292, 4.0792794, 5.11254  ]], [[6.5160465, 6.828977 , 5.7211547, 5.8533554, 7.1051464, 4.908956 ,
 3.6381798, 3.3447986, 4.57509  ],
[7.3758664, 7.271549 , 5.9355564, 5.4957333, 6.5133295, 4.214419 ,
 3.3120747, 3.8993747, 5.1967015]]]

rmsd_AS_pd = [0.6206953, 0.9045999, 1.1868767, 1.0451306, 1.2603233, 0.9890543, 1.2966254, 1.2281303, 1.1902251, 0.48125577, 0.7670064, 1.2182095, 1.2726924, 0.5165489, 0.9943658, 0.659816, 0.8994645, 0.33999693, 1.2908419, 1.6731919, 0.7189738, 1.1698489, 0.50245184, 1.2492443, 1.5946422, 1.8499649, 0.99339986, 1.1899161, 0.7354158, 1.5278903, 2.1246982, 1.1688986, 2.0736167, 1.4342514, 1.2945762, 1.5329509, 1.0288309, 1.7390299, 1.3224113, 1.1968834, 0.42624635, 0.5857884, 1.2164968, 1.1057694, 0.94729257]

median_AS_pd = 1.1868767

sample_AW_pd = [[[7.0909157, 6.1890783, 4.999897 , 3.6878707, 3.6873858, 2.833824 ,
 3.6989746, 5.0020933, 5.4578996],
[7.279316 , 6.0791926, 5.3836823, 4.0995526, 3.1706278, 4.1982875,
 5.472103 , 6.5347652, 6.4027843]], [[6.4523873, 5.6965046, 4.731852 , 3.8566132, 3.987176 , 3.4770024,
 4.057592 , 4.9045873, 5.1294255],
[7.2760777, 6.2021704, 5.2276063, 3.8658278, 3.3313613, 3.5178342,
 4.6521897, 5.843158 , 6.001818 ]], [[7.2051196, 6.3229246, 5.1266932, 3.847954 , 3.824123 , 3.0350344,
 3.8311236, 5.09014  , 5.553431 ],
[7.3364544, 6.1375   , 5.352097 , 4.0042562, 3.0661197, 4.0233893,
 5.305628 , 6.414391 , 6.340484 ]], [[7.2238283, 6.1918774, 5.1550584, 3.7793477, 3.36708  , 3.3486304,
 4.465923 , 5.668369 , 5.8676877],
[7.0961685, 5.8782196, 5.2084866, 3.9190784, 2.8977375, 4.141288 ,
 5.461857 , 6.4767632, 6.27635  ]], [[7.24588  , 6.2265677, 5.093397 , 3.7482488, 3.5680642, 3.0384765,
 3.966018 , 5.209496 , 5.6873355],
[6.97925  , 5.696631 , 5.059152 , 3.8424003, 2.7742712, 4.097695 ,
 5.396509 , 6.3044615, 6.1780825]], [[7.1339936, 6.389172 , 5.0929213, 3.895975 , 4.1372633, 2.8103008,
 3.3495967, 4.635822 , 5.283336 ],
[6.517027 , 5.6023293, 4.677178 , 3.611944 , 3.4043915, 3.3791516,
 4.266199 , 5.214747 , 5.2899985]], [[6.522875 , 5.8861227, 4.826614 , 4.0112348, 4.3182845, 3.4455237,
 3.8243887, 4.661602 , 5.026744 ],
[6.9459624, 5.988602 , 4.856312 , 3.5018182, 3.2735207, 2.8791008,
 3.8949292, 5.1377244, 5.434042 ]], [[7.1972976, 5.996396 , 5.2444253, 3.9433029, 3.2473974, 3.9515753,
 5.1963882, 6.3105664, 6.253299 ],
[6.4114404, 5.3461747, 4.550009 , 3.2611442, 2.7506251, 3.2431679,
 4.4669228, 5.5117364, 5.4416885]], [[6.7698255, 5.7236433, 5.063611 , 4.0492506, 3.422706 , 4.212983 ,
 5.259898 , 6.1294146, 5.9358635],
[6.932792 , 5.9106426, 4.8642693, 3.501174 , 3.0415604, 3.0742807,
 4.1828494, 5.393685 , 5.560685 ]], [[7.2549825, 6.58216  , 5.24048  , 4.092229 , 4.4256954, 2.8877866,
 3.2032065, 4.4988575, 5.307487 ],
[6.9273467, 5.88439  , 4.8472476, 3.4750473, 2.9487295, 3.086054 ,
 4.198155 , 5.384623 , 5.5639634]]]

rmsd_AW_pd = [1.3005922, 0.36533812, 0.87802243, 0.669003, 1.6767266, 2.0439358, 2.545125, 2.458026, 1.8083222, 1.1889002, 1.504885, 1.3510526, 1.5026469, 1.0242839, 2.1384528, 1.668819, 1.4999655, 0.7784746, 0.5636573, 1.605895, 1.9131334, 2.3291464, 2.2256372, 1.643063, 0.5828706, 2.1342652, 2.2990124, 1.7469811, 1.8209012, 2.195089, 1.6431462, 1.9920404, 1.9880238, 2.0675874, 1.7423133, 1.0495312, 1.986691, 1.9353944, 0.66367066, 2.0842106, 1.5386082, 0.99651325, 0.85877895, 2.1241264, 1.7140708]

median_AW_pd = 1.6767266

sample_C3_pd = [[[5.9943047, 7.014876 , 5.0251513, 4.0763535, 3.409233 , 4.291144 ,
 5.381136 ],
[4.547592 , 5.231166 , 3.637911 , 3.4177718, 3.1143603, 4.2185245,
 5.006827 ]], [[5.3627744, 6.4504414, 4.689533 , 3.661589 , 3.543198 , 3.3125145,
 4.1736507],
[6.0257483, 6.930853 , 4.85884  , 3.977635 , 2.9792476, 4.5297184,
 5.72406  ]], [[5.677555 , 6.517566 , 4.646374 , 3.9932954, 3.3105628, 4.564692 ,
 5.5702343],
[3.9466147, 4.801087 , 3.521905 , 3.1173265, 3.4733026, 3.184518 ,
 3.610281 ]]]

rmsd_C3_pd = [2.2967834, 1.3676238, 3.089028]

median_C3_pd = 2.2967834

sample_C5_pd = [[[3.6133516, 2.7618742, 4.284872 , 5.42807  , 6.3218207, 6.0129275,
 5.5380096],
[3.4310493, 3.589564 , 3.8254013, 4.3158183, 5.194564 , 4.4786205,
 4.1349154]], [[4.133869 , 3.1136513, 4.5012584, 5.797159 , 6.4505863, 6.7099457,
 6.457514 ],
[3.3021245, 3.1067586, 3.431139 , 4.296554 , 4.941016 , 5.0021195,
 4.903722 ]], [[4.400994 , 3.4658308, 4.9419727, 6.1428776, 6.898296 , 6.870767 ,
 6.4787564],
[3.4533117, 3.3659875, 3.8434227, 4.554121 , 5.3488545, 4.9555235,
 4.643362 ]], [[3.5467448, 2.8527248, 4.1691   , 5.2405167, 6.1137366, 5.7927027,
 5.3520246],
[3.3353753, 3.6442835, 3.7068768, 4.0847697, 4.9716744, 4.1508064,
 3.811786 ]]]

rmsd_C5_pd = [1.2715343, 1.3943441, 0.50863093, 0.803977, 1.6304913, 1.8524475]

median_C5_pd = 1.3329391

sample_CH_pd = [[[6.9091463, 7.887781 , 5.6499104, 4.6513343, 3.3889165, 5.2137284,
 6.5493155],
[5.78509  , 6.979954 , 4.884661 , 3.5593383, 2.9559677, 3.2841141,
 4.5170336]], [[6.233619 , 7.460929 , 5.743375 , 4.4754252, 4.474893 , 3.494875 ,
 4.262328 ],
[6.292951 , 7.419997 , 5.210981 , 3.997837 , 3.0433836, 4.116813 ,
 5.4148316]]]

rmsd_CH_pd = [2.3357139]

median_CH_pd = 2.3357139

sample_CS_pd = [[[4.8009095, 3.8055415, 5.2933   , 6.520959 , 7.228858 , 7.3065886,
 6.9451604],
[4.6474886, 3.4417765, 5.475454 , 6.7616153, 7.670755 , 7.375658 ,
 6.7747808]], [[3.9558163, 2.8355858, 4.6759067, 5.9401045, 6.8033714, 6.6146426,
 6.117396 ],
[4.7535787, 3.676959 , 5.4934545, 6.7200356, 7.5812783, 7.3422365,
 6.7982926]]]

rmsd_CS_pd = [1.1040876]

median_CS_pd = 1.1040876

sample_CW_pd = [[[3.601623 , 3.6452525, 2.8319845, 3.6262565, 3.6602266, 4.899358 ,
 5.36305  ],
[3.6697173, 3.2490392, 3.8645656, 4.8363976, 5.473878 , 5.5864763,
 5.442263 ]], [[3.7039545, 3.439653 , 3.435351 , 4.3947954, 4.735235 , 5.448043 ,
 5.604935 ],
[4.3748956, 4.6047482, 3.272629 , 3.755602 , 3.2940185, 5.1686873,
 5.909139 ]], [[3.5379484, 3.2663097, 2.9526913, 4.022541 , 4.1681194, 5.3381476,
 5.664471 ],
[4.029404 , 3.2224278, 4.2740235, 5.476405 , 6.0692205, 6.4000916,
 6.228612 ]], [[3.8607275, 3.672723 , 3.1514738, 4.110118 , 4.1226487, 5.459941 ,
 5.879612 ],
[3.854872 , 2.926091 , 4.1613607, 5.423975 , 6.066896 , 6.3450627,
 6.1361847]], [[3.9011655, 3.6269119, 3.3265076, 4.3394623, 4.4382777, 5.636108 ,
 5.974504 ],
[4.762415 , 5.1747556, 3.5935652, 3.7583463, 3.1003501, 5.07215  ,
 5.937624 ]], [[3.954949 , 3.9079099, 3.3213499, 4.116311 , 4.180603 , 5.322177 ,
 5.719589 ],
[5.204096 , 5.7308064, 4.0353894, 3.9614058, 3.2045987, 5.137786 ,
 6.077544 ]], [[3.7727203, 3.3341484, 3.3607411, 4.490958 , 4.710772 , 5.749747 ,
 5.9853764],
[3.988568 , 3.165956 , 4.215962 , 5.4317884, 6.02038  , 6.3670263,
 6.208473 ]], [[3.6165962, 3.5032945, 2.9041963, 3.8425   , 3.8927178, 5.1591363,
 5.563722 ],
[5.131839 , 5.58208  , 3.9384787, 3.9887125, 3.215711 , 5.2550077,
 6.1736073]], [[3.9784195, 3.9275076, 3.1414685, 3.9831922, 3.8711748, 5.3639617,
 5.874601 ],
[5.1751285, 5.5353565, 3.9931862, 4.1723356, 3.4358048, 5.515326 ,
 6.406676 ]]]

rmsd_CW_pd = [2.2939796, 1.2290406, 1.2511587, 2.521232, 2.4995918, 1.6389077, 2.1160471, 2.2971892, 2.39439, 2.4023185, 0.6908952, 1.2299994, 2.1869452, 1.316487, 1.3948778, 0.4986989, 2.5821688, 2.6557398, 0.5624941, 2.386332, 2.4595127, 2.442397, 2.5059335, 0.580573, 2.5830657, 2.315914, 0.7409723, 2.3582122, 0.9309938, 0.9457761, 2.729273, 0.5295466, 0.51978844, 2.83039, 2.632162, 0.5924734]

median_CW_pd = 2.2404623

sample_G3_pd = [[[6.315188 , 5.3163495, 4.4981074, 3.4368088, 3.0527146, 3.4648387,
 4.486228 , 4.9783897, 5.353593 , 5.2696524],
[4.687299 , 3.847486 , 3.6573353, 3.4329991, 3.309896 , 4.1575365,
 4.9162455, 5.876363 , 5.129947 , 4.5011854]], [[5.3428802, 5.215751 , 4.320401 , 4.3682795, 5.193514 , 3.88376  ,
 3.4659162, 3.7984245, 3.5051792, 3.9014213],
[5.478353 , 4.6346803, 3.7866902, 3.010088 , 3.0932148, 3.010397 ,
 3.7964933, 4.4006853, 4.464138 , 4.3704133]], [[6.177078 , 5.0869575, 4.4171953, 3.327869 , 2.6467116, 3.6643147,
 4.8305387, 5.465581 , 5.63268  , 5.3629346],
[5.3302155, 4.285354 , 4.397873 , 4.0229144, 3.3605504, 5.0356765,
 6.0668674, 7.09366  , 6.3477755, 5.538341 ]], [[6.703064 , 5.588187 , 4.7357097, 3.429647 , 2.7321384, 3.4608037,
 4.6753535, 5.0906267, 5.6922097, 5.628167 ],
[6.271186 , 5.067913 , 4.9102535, 4.096611 , 3.1161125, 4.93687  ,
 6.1608596, 7.0099363, 6.7443104, 6.1279507]], [[5.4526677, 5.368891 , 4.435415 , 4.463993 , 5.3111796, 3.937123 ,
 3.4571943, 3.7346246, 3.4888399, 3.9463127],
[6.0505733, 5.27064  , 4.235473 , 3.3150244, 3.494595 , 2.9216797,
 3.5976818, 3.9263406, 4.465662 , 4.6395617]]]

rmsd_G3_pd = [3.1869082, 1.8113126, 2.330475, 3.6513581, 4.6157565, 4.875456, 0.7612312, 1.2488672, 4.864106, 4.957882]

median_G3_pd = 3.4191332

sample_G5_pd = [[[3.1969297, 2.5224314, 2.5022106, 2.876152 , 3.2086184, 3.7432675,
 4.239435 , 5.385526 , 4.080005 , 3.2133954],
[4.8640466, 4.602688 , 3.8795016, 3.891462 , 4.5354805, 3.7528067,
 3.6932666, 4.2816825, 3.7413182, 3.7668548]], [[5.8956504, 6.1178536, 5.072436 , 5.282316 , 6.375599 , 4.4069   ,
 3.2729259, 3.0564103, 3.0218852, 4.061086 ],
[5.5540586, 5.265914 , 4.2954116, 4.0760484, 4.7799687, 3.5344458,
 3.3254948, 3.569856 , 3.6467872, 4.070021 ]]]

rmsd_G5_pd = [4.282633]

median_G5_pd = 4.282633

sample_GH_pd = [[[3.9620707, 3.267935 , 4.4426656, 4.9836297, 4.6937   , 6.345587 ,
 7.1050525, 8.417    , 6.8211513, 5.531152 ],
[3.5446515, 2.8125365, 3.3947585, 3.790948 , 3.7632997, 4.8781004,
 5.5741467, 6.7956653, 5.4001007, 4.3358035]], [[5.046433 , 3.8626635, 4.4133224, 4.205528 , 3.347096 , 5.5295644,
 6.6489944, 7.8216896, 6.824781 , 5.7720566],
[3.6528704, 3.0416296, 4.12866  , 4.7177715, 4.545702 , 6.0176606,
 6.6934285, 7.986595 , 6.3720174, 5.1199837]], [[4.4810996, 3.3809912, 4.138483 , 4.193021 , 3.5455027, 5.5663977,
 6.5642037, 7.8008757, 6.5833845, 5.4429135],
[4.5144567, 3.4451993, 3.5536823, 3.3058157, 2.839685 , 4.3763075,
 5.341749 , 6.42741  , 5.54926  , 4.6978083]], [[4.5086417, 3.4101372, 4.149987 , 4.1723466, 3.4980717, 5.5404186,
 6.548725 , 7.7712893, 6.586497 , 5.4599814],
[5.053388 , 3.9518998, 4.0238385, 3.6155462, 2.959984 , 4.648068 ,
 5.6939206, 6.720245 , 5.997232 , 5.202046 ]], [[3.6090477, 3.2939517, 4.6245975, 5.4145007, 5.3280964, 6.746465 ,
 7.3207903, 8.654597 , 6.845465 , 5.5068326],
[3.1753972, 3.760456 , 4.999373 , 6.204982 , 6.594082 , 7.2758436,
 7.393466 , 8.666289 , 6.5363994, 5.261932 ]], [[4.3139706, 3.2999547, 4.1239715, 4.29311  , 3.7565546, 5.652791 ,
 6.5829463, 7.828263 , 6.534544 , 5.3695326],
[4.7448497, 3.8208055, 3.9484453, 3.8044841, 3.4609811, 4.77438  ,
 5.6361737, 6.6866612, 5.7835484, 4.9619455]], [[3.621661 , 2.9178927, 4.1129036, 4.701503 , 4.417728 , 6.0658216,
 6.7931023, 8.08678  , 6.4715157, 5.184495 ],
[5.6513257, 4.4263434, 4.7887845, 4.363876 , 3.347327 , 5.5817122,
 6.777431 , 7.8377905, 7.084283 , 6.1478386]], [[3.7433658, 3.1880455, 4.4469447, 5.105605 , 4.9042444, 6.4637036,
 7.141399 , 8.470152 , 6.769326 , 5.451959 ],
[3.4515975, 3.8413532, 5.1095243, 6.2388353, 6.529145 , 7.352505 ,
 7.564282 , 8.858135 , 6.778075 , 5.50248  ]], [[3.3531747, 2.9688668, 4.290749 , 5.0726943, 4.983912 , 6.400076 ,
 6.9810963, 8.312959 , 6.5222406, 5.1919737],
[3.2959611, 3.9166398, 5.1670847, 6.3831234, 6.763334 , 7.449227 ,
 7.550104 , 8.826682 , 6.668974 , 5.41385  ]], [[3.7236736, 3.2975159, 4.5557976, 5.29826  , 5.190199 , 6.619172 ,
 7.221854 , 8.545272 , 6.7811556, 5.471415 ],
[3.1417449, 3.6083853, 4.9421325, 6.133152 , 6.4657598, 7.2604303,
 7.444245 , 8.746145 , 6.6146293, 5.318639 ]]]

rmsd_GH_pd = [2.5227594, 1.8298721, 2.1977284, 3.338232, 1.7597737, 2.6659021, 3.155857, 3.5137806, 3.1643443, 2.3261704, 2.1042364, 3.2411036, 2.0504537, 2.7026, 3.0213675, 3.2957654, 3.04288, 0.67618495, 4.8218074, 0.7586597, 2.7245977, 4.5717506, 4.7445555, 4.645185, 4.5810466, 0.56350815, 2.1647887, 4.291628, 4.4797664, 4.4068556, 4.199545, 3.4013307, 0.6188443, 0.7672809, 0.28317627, 2.0884352, 3.9289975, 4.082855, 4.0287766, 3.0057387, 3.0581014, 3.230634, 0.50871396, 0.48107326, 0.73306346]

median_GH_pd = 3.0213675

sample_GS_pd = [[[5.976822 , 6.533549 , 5.667108 , 6.202662 , 7.405054 , 5.4571433,
 4.150023 , 4.0059037, 3.4174693, 4.377609 ],
[7.3742228, 7.5468636, 6.341156 , 6.3233294, 7.398027 , 5.1367664,
 3.8837433, 2.9161115, 3.9612234, 5.2967033]], [[7.312145 , 7.60089  , 6.4955235, 6.60222  , 7.6842084, 5.5356674,
 4.26471  , 3.4995933, 4.1286097, 5.381389 ],
[5.2201385, 5.7320232, 4.973062 , 5.5443287, 6.6779547, 5.0016794,
 3.88414  , 4.0410914, 3.121528 , 3.8183966]], [[5.750321 , 6.215384 , 5.290895 , 5.75413  , 6.9375076, 4.9731736,
 3.681402 , 3.5400455, 3.042821 , 4.061251 ],
[7.6217494, 7.8709993, 6.7146273, 6.781658 , 7.8814006, 5.6293187,
 4.3511   , 3.4526162, 4.314101 , 5.620197 ]]]

rmsd_GS_pd = [3.1301813, 1.2945914, 3.9772706]

median_GS_pd = 3.1301813

sample_GW_pd = [[[8.69164  , 8.238422 , 6.8770003, 5.992504 , 6.4567103, 4.701456 ,
 4.4565554, 3.4306617, 5.538963 , 6.607087 ],
[7.5554495, 6.8028526, 5.4839306, 4.2737722, 4.4201403, 3.1393278,
 3.6103556, 3.1406453, 4.9392886, 5.6602864]], [[6.783729 , 5.548672 , 5.395839 , 4.4911895, 3.429914 , 5.2770243,
 6.561849 , 7.355621 , 7.2259674, 6.6420736],
[6.389552 , 5.330281 , 4.5653605, 3.4166505, 2.8975005, 3.5113358,
 4.6314654, 5.1306663, 5.540924 , 5.426163 ]], [[7.3842797, 6.282524 , 5.3260794, 3.9281538, 3.3421109, 3.669246 ,
 4.846826 , 5.029172 , 6.0266895, 6.1274023],
[7.288004 , 6.570732 , 5.283295 , 4.198683 , 4.475886 , 3.099428 ,
 3.4795082, 2.9927316, 4.734063 , 5.422867 ]], [[7.381695 , 6.165809 , 5.577283 , 4.3580995, 3.3696709, 4.7126627,
 6.001703 , 6.536236 , 6.9224653, 6.648008 ],
[7.2578006, 6.3286963, 5.2198076, 3.9571896, 3.7453713, 3.3792605,
 4.261219 , 4.274558 , 5.4305882, 5.739505 ]], [[6.653731 , 5.427569 , 5.020745 , 3.9572854, 2.9095821, 4.5827994,
 5.8780246, 6.6047835, 6.635356 , 6.179775 ],
[7.0607424, 5.9520974, 4.990243 , 3.5830014, 2.9281714, 3.3954678,
 4.6213207, 4.9057627, 5.759412 , 5.810409 ]], [[6.6301036, 5.516316 , 4.833109 , 3.6836998, 2.9276774, 3.958018 ,
 5.147282 , 5.706741 , 6.0097814, 5.782772 ],
[7.134596 , 6.222115 , 5.055194 , 3.7587807, 3.5907905, 3.0702069,
 3.9561007, 3.923058 , 5.1743765, 5.5372744]], [[7.8617654, 7.5576215, 6.320989 , 5.7517567, 6.3901334, 4.6310678,
 4.1898828, 3.410573 , 4.9351664, 5.9184675],
[7.4459176, 6.8364396, 5.498696 , 4.494921 , 4.8846517, 3.24211  ,
 3.3343942, 2.5440347, 4.5750384, 5.456486 ]], [[8.789449 , 8.260133 , 6.876119 , 5.9025087, 6.2970653, 4.595083 ,
 4.477021 , 3.3954756, 5.6667604, 6.7049074],
[7.1811643, 6.3609557, 5.0818195, 3.816448 , 3.874432 , 2.8179455,
 3.5026212, 3.215329 , 4.8300056, 5.402717 ]], [[8.877658 , 8.351106 , 6.988621 , 6.01831  , 6.4626627, 4.690866 ,
 4.5610247, 3.391638 , 5.7041287, 6.772207 ],
[6.9358535, 6.190134 , 4.919138 , 3.7844727, 4.044534 , 2.6891503,
 3.1657882, 2.7465587, 4.4401827, 5.0884027]], [[6.7835712, 5.508977 , 5.051656 , 3.874466 , 2.7052357, 4.478461 ,
 5.841033 , 6.529691 , 6.6767807, 6.248532 ],
[6.4780574, 5.4770565, 4.4718056, 3.203424 , 2.8576825, 2.9440536,
 4.0228243, 4.3455734, 5.083163 , 5.1663065]]]

rmsd_GW_pd = [5.247593, 2.836476, 3.7682981, 4.8651676, 3.9750562, 1.2538537, 0.69196266, 0.98333585, 4.9276943, 3.6427999, 1.7628913, 1.4086001, 2.6290345, 5.4733324, 4.917114, 5.2532616, 1.5575559, 2.1729176, 2.7998796, 1.5582428, 2.6813123, 2.9331179, 3.1985729, 2.655622, 1.3723919, 1.5659151, 4.0871906, 3.6615324, 4.1480513, 1.70807, 1.562315, 5.0366297, 4.630988, 5.098136, 0.9823242, 4.0075665, 3.657792, 4.167285, 1.5430256, 1.674228, 1.7843018, 5.0053177, 0.58337504, 4.437646, 4.721424]

median_GW_pd = 2.9331179

sample_U3_pd = [[[4.838581 , 5.476347 , 3.967982 , 3.6784563, 3.4163618, 4.404733 ,
 5.1535096],
[3.2534664, 3.8252337, 3.214    , 3.4062626, 4.0604706, 3.5542605,
 3.540282 ]], [[4.622703 , 5.3421516, 3.8140047, 3.5014577, 3.3849921, 4.0791645,
 4.7853956],
[3.30568  , 3.9715433, 3.3514333, 3.4750652, 4.219142 , 3.4070506,
 3.299182 ]], [[5.6322765, 6.5489635, 4.7241297, 3.8359253, 3.443933 , 4.0434175,
 4.991073 ],
[4.038339 , 4.579586 , 3.2967243, 3.255413 , 3.2678258, 3.9913094,
 4.5601697]], [[5.101239 , 5.898454 , 4.206494 , 3.6181045, 3.311853 , 4.1201224,
 4.967364 ],
[3.507115 , 4.2420034, 3.3848917, 3.303156 , 3.9411247, 3.2459354,
 3.3049877]], [[5.1266813, 5.8083186, 4.1256323, 3.7267046, 3.2735343, 4.4837217,
 5.350424 ],
[3.2292511, 3.8698192, 2.9480667, 3.0764146, 3.6226099, 3.3462977,
 3.5180418]], [[4.560946 , 5.176072 , 3.6662025, 3.4128861, 3.157174 , 4.2123313,
 4.9620132],
[3.167901 , 3.6736019, 3.1383443, 3.391163 , 4.044365 , 3.6060135,
 3.587027 ]]]

rmsd_U3_pd = [0.49629286, 1.6726997, 0.6621144, 0.59039676, 0.44439834, 1.9043763, 0.68077105, 0.9594908, 0.4810087, 1.37566, 1.4750392, 1.9649509, 0.6693382, 0.96938, 0.889861]

median_U3_pd = 0.889861

sample_U5_pd = [[[3.5901222, 2.8087976, 3.831778 , 5.075151 , 5.5858736, 5.974746 ,
 5.8100586],
[3.4542   , 3.4332478, 2.6469758, 3.4811244, 3.4494646, 4.8166   ,
 5.268725 ]], [[3.849069 , 2.9890318, 4.1376376, 5.405706 , 5.925459 , 6.286096 ,
 6.094462 ],
[3.6029947, 3.4783351, 2.904212 , 3.8074746, 3.8137877, 5.103287 ,
 5.5039506]], [[6.2433214, 7.042283 , 5.0773892, 4.318554 , 3.4969213, 5.019594 ,
 6.128699 ],
[5.631437 , 6.719176 , 4.7536235, 3.5927045, 3.2976215, 3.4162526,
 4.4631696]], [[3.6858907, 2.9043512, 3.8437772, 5.0738006, 5.4993176, 6.0253477,
 5.9222383],
[3.610768 , 3.54147  , 2.7856503, 3.6010234, 3.4707327, 4.956884 ,
 5.446255 ]], [[5.487576 , 6.02222  , 4.2778707, 4.07103  , 3.3200395, 5.263154 ,
 6.2164807],
[4.077894 , 4.711777 , 3.5301857, 3.4658892, 3.6765418, 3.948594 ,
 4.3749647]], [[3.44358  , 3.2977576, 3.2888587, 4.15357  , 4.5249968, 5.0124516,
 5.0981607],
[3.661603 , 4.368689 , 3.117698 , 2.9649265, 3.242113 , 3.3730166,
 3.826778 ]], [[4.396309 , 5.2531667, 4.2212586, 3.8411298, 4.405662 , 3.4483209,
 3.5974307],
[4.28985  , 5.032453 , 3.3860674, 3.0637395, 2.9595304, 3.75479  ,
 4.5210395]], [[5.7474   , 6.779687 , 4.8310018, 3.7557166, 3.3389223, 3.7935345,
 4.8377395],
[4.7083635, 5.681141 , 4.437183 , 3.7627373, 4.204682 , 3.1863334,
 3.4816842]], [[4.666279 , 5.508351 , 3.907406 , 3.3186336, 3.214943 , 3.6325011,
 4.375463 ],
[4.9313197, 5.3395686, 3.8716555, 3.8850632, 3.3282015, 5.0576086,
 5.871982 ]], [[6.1747103, 6.892502 , 4.962475 , 4.2245517, 3.324782 , 5.0271673,
 6.152411 ],
[4.104208 , 4.865893 , 3.3785753, 2.9696307, 3.0531902, 3.374109 ,
 4.0137186]]]

rmsd_U5_pd = [0.72756565, 5.2269135, 0.2756173, 3.337699, 2.1798604, 3.5044742, 4.932372, 3.8918076, 4.136491, 5.176514, 0.582292, 3.4251008, 2.7206573, 3.8141923, 5.00707, 3.960804, 4.2782035, 5.0900345, 2.2246296, 4.402732, 3.403619, 1.9729049, 3.1611707, 1.5822396, 3.257227, 2.2662852, 3.501276, 4.8681087, 3.7275302, 4.0991993, 2.578017, 2.2897227, 2.1181722, 2.5063913, 1.2018948, 2.250635, 3.6467967, 3.3614118, 2.918093, 2.4876537, 1.9273565, 2.3926508, 2.6294641, 2.0111465, 3.1213312]

median_U5_pd = 3.1611707

sample_UH_pd = [[[5.9277973, 7.00745  , 4.861216 , 3.5855706, 2.911446 , 3.6895165,
 4.9499288],
[5.586892 , 6.7451577, 4.797602 , 3.5206518, 3.3604074, 3.0598452,
 4.114572 ]], [[5.0721216, 5.853876 , 3.9659483, 3.3462334, 2.7157807, 4.141249 ,
 5.1544375],
[6.7889814, 7.6397514, 5.464249 , 4.5476384, 3.384738 , 5.3624477,
 6.6495566]], [[6.439579 , 7.374882 , 5.251039 , 4.2248755, 3.3036568, 4.7532473,
 5.9765334],
[5.480269 , 6.647146 , 4.61201  , 3.2874951, 3.0039692, 2.9327044,
 4.0753827]], [[6.6252766, 7.6776876, 5.385052 , 4.1494236, 3.0808308, 4.5662394,
 5.909545 ],
[6.2072487, 7.4204106, 5.40128  , 4.039389 , 3.731012 , 3.4872558,
 4.5545626]], [[6.182234 , 7.16631  , 4.901147 , 3.780175 , 2.668992 , 4.383104 ,
 5.708354 ],
[5.9065695, 7.046025 , 5.0480366, 3.7953322, 3.476382 , 3.486649 ,
 4.555926 ]], [[5.5864925, 6.589274 , 4.4516354, 3.3635488, 2.5829115, 3.7963023,
 5.002808 ],
[5.714614 , 6.8808165, 4.744052 , 3.3803651, 2.890253 , 3.1843474,
 4.415467 ]], [[5.5068965, 6.325981 , 4.323369 , 3.566675 , 2.7644672, 4.344026 ,
 5.4500966],
[4.883874 , 5.9862127, 4.159234 , 3.0740054, 3.103041 , 2.7175007,
 3.6225808]], [[6.196437 , 7.258851 , 5.0240655, 3.7600925, 2.855349 , 4.056528 ,
 5.3827367],
[5.3547177, 6.363159 , 4.491716 , 3.4983838, 3.2167187, 3.550048 ,
 4.536627 ]], [[5.255257 , 6.1275964, 4.23607  , 3.462528 , 2.958534 , 3.9894896,
 4.986873 ],
[5.7362127, 6.8875446, 4.992747 , 3.7644   , 3.647314 , 3.260559 ,
 4.220461 ]]]

rmsd_UH_pd = [2.8620439, 1.1601189, 1.6058366, 0.9824277, 0.70701313, 1.363661, 0.7877595, 0.91854745, 3.5172777, 2.995875, 2.6107512, 2.3913152, 2.9967566, 2.9111476, 2.07177, 1.163708, 1.1327589, 1.4163144, 1.570923, 1.0328457, 1.7595962, 0.8639925, 1.9082218, 2.5337749, 1.4534651, 1.8273618, 1.1341181, 1.7633047, 0.8174685, 1.1506133, 1.2475429, 1.0580153, 0.828077, 1.4426422, 1.3096375, 1.3999034]

median_UH_pd = 1.408109

sample_US_pd = [[[4.197285 , 3.011088 , 4.901949 , 6.260969 , 6.949632 , 6.948042 ,
 6.4710865],
[4.353384 , 3.3399346, 5.011169 , 6.285766 , 6.9605436, 6.9318724,
 6.476214 ]], [[3.0086658, 2.0129306, 3.5556266, 4.879389 , 5.573598 , 5.5986924,
 5.290814 ],
[5.469947 , 4.3832054, 6.27672  , 7.5621004, 8.323784 , 8.071552 ,
 7.494135 ]]]

rmsd_US_pd = [3.2381253]

median_US_pd = 3.2381253

sample_UW_pd = [[[6.063682 , 6.77924  , 4.8153214, 4.256369 , 3.2886977, 5.265142 ,
 6.3842587],
[4.2866993, 4.5753675, 3.2559674, 3.6228793, 3.225604 , 4.9474006,
 5.6483727]], [[4.352059 , 4.601754 , 3.37442  , 3.7149017, 3.3576329, 4.9830284,
 5.6620493],
[3.7399046, 3.2640312, 3.3855577, 4.5061407, 4.6698737, 5.7184014,
 5.9285526]], [[5.710364 , 6.2340894, 4.407863 , 4.1110916, 3.1103058, 5.379549 ,
 6.4436707],
[3.998723 , 4.051725 , 3.0424986, 3.691135 , 3.4168522, 5.090684 ,
 5.682167 ]], [[5.065901 , 5.4128013, 3.8412519, 3.9452677, 3.1545665, 5.367061 ,
 6.2643757],
[3.6726134, 4.013117 , 2.7842736, 3.1745207, 3.0476255, 4.3505025,
 4.9299254]], [[3.9433353, 2.856355 , 4.6186547, 5.9369884, 6.635759 , 6.606727 ,
 6.153853 ],
[3.0902548, 2.814457 , 3.3108757, 4.283527 , 4.882207 , 4.9433684,
 4.779353 ]], [[4.342178 , 3.407198 , 4.642862 , 5.9145427, 6.40159  , 6.808052 ,
 6.611532 ],
[3.5999997, 3.2614703, 3.0969937, 4.154492 , 4.248199 , 5.4102535,
 5.7040114]], [[3.8340213, 3.2999897, 4.3940487, 5.4043813, 6.1575274, 5.8520103,
 5.444196 ],
[3.2303112, 3.537757 , 3.0663605, 3.5264933, 4.070923 , 4.0446086,
 4.145354 ]], [[3.808277 , 3.2909636, 4.334598 , 5.3478384, 6.085981 , 5.8300548,
 5.4527087],
[3.072046 , 3.5016253, 2.9320335, 3.3120732, 3.93359  , 3.7285538,
 3.8092687]], [[4.10753  , 3.2977695, 4.571216 , 5.77101  , 6.3824735, 6.4845796,
 6.1618953],
[3.1660886, 2.7559974, 2.848715 , 4.009511 , 4.285788 , 5.1706176,
 5.328254 ]], [[5.7872014, 6.467184 , 4.6180406, 4.0711274, 3.2820094, 4.9876447,
 6.029632 ],
[3.8013153, 4.057486 , 2.8202977, 3.25451  , 3.0396788, 4.545204 ,
 5.1686697]]]

rmsd_UW_pd = [2.8119493, 0.74663794, 1.7046527, 4.447089, 3.6741786, 3.874628, 4.062711, 3.952211, 0.8956604, 2.215632, 2.1371422, 3.228011, 2.6822162, 3.2945864, 3.5257726, 2.8783524, 2.6910725, 1.257048, 4.0255966, 3.2229178, 3.5568428, 3.7599459, 3.470216, 0.83491063, 3.8762493, 3.4294333, 2.912939, 2.986193, 3.3949232, 0.9593301, 1.1448766, 1.551408, 1.8168781, 0.7891731, 4.2351437, 1.9662386, 2.259821, 0.7423725, 3.6638064, 0.34109408, 1.4990966, 3.3808045, 1.7595816, 3.5020068, 3.7049432]

median_UW_pd = 2.912939

